$ 1 0.000005 10.20027730826997 50 5 43 5e-11
R 160 176 48 176 0 0 40 14 0 0 0.5
x 79 159 123 162 4 18 BATT
r 160 176 160 288 0 0.001
r 160 176 400 176 0 1100
a 432 224 592 224 8 15 -15 1000000 13.7312114048584 13.731211390435659 100000
w 400 176 400 208 0
w 400 208 432 208 0
w 592 224 752 224 0
w 400 176 400 112 0
r 400 112 512 112 0 56200
w 512 112 592 112 0
w 592 112 592 224 0
w 160 288 256 288 0
r 256 288 368 288 0 1100
w 368 288 432 288 0
w 432 288 432 240 0
r 432 288 432 368 0 56200
g 432 368 432 416 0 0
w 160 288 64 288 0
w 64 288 64 336 0
r 64 336 64 416 0 500
g 64 416 64 464 0 0
